0
6
5
1
3
8
0
8
0
4
5
5
2
5
9
3
0
4
1
2
7
1
1
2
3
1
9
4
4
8
5
2
2
9
7
1
9
1
7
2
2
5
0
0
6
2
3
1
3
5
5
6
8
1
6
7
9
3
5
1
2
3
0
3
1
1
5
9
6
0
5
2
4
6
7
4
2
5
9
7
9
5
4
4
9
7
3
6
4
4
0
6
4
7
3
4
2
1
6
4
0
7
9
7
9
2
7
4
1
7
9
2
3
7
7
9
0
8
7
7
6
2
0
2
6
7
8
9
3
1
5
8
2
7
1
6
6
8
0
6
4
6
4
1
6
6
6
9
9
6
1
3
8
2
7
4
9
5
9
9
2
6
6
6
0
1
1
6
8
0
9
2
7
2
6
0
6
0
4
6
4
6
7
8
6
0
8
1
6
5
0
1
2
9
4
0
2
2
4
9
0
6
1
9
2
5
3
0
4
9
9
0
3
0
8
0
8
6
3
7
3
9
0
0
0
6
1
8
0
3
0
8
3
0
3
7
2
1
0
9
3
9
2
8
0
9
1
6
5
6
8
5
1
2
0
9
3
3
4
3
1
9
8
1
9
4
9
0
0
4
6
5
7
5
4
0
3
7
1
4
9
4
1
4
7
4
0
3
7
4
3
7
7
8
1
0
0
7
3
7
8
8
4
0
4
6
2
8
2
3
1
0
1
2
8
7
7
2
6
6
5
7
3
2
5
5
1
8
3
2
1
0
1
42
24
98
73
33
11
89
22
18
37
61
27
61
18
55
52
37
17
96
38
93
33
62
63
18
68
78
25
37
54
25
73
48
83
27
82
78
77
43
99
99
13
33
15
61
75
84
23
25
22
26
85
35
11
18
38
40
21
51
18
30
36
26
54
48
73
98
60
45
50
69
83
49
30
90
64
66
10
86
15
74
23
81
50
78
34
74
77
87
56
40
19
37
32
55
72
81
55
40
65
98
16
43
32
41
94
13
47
86
31
97
16
47
32
98
65
95
23
59
56
66
67
80
96
85
15
41
91
96
27
60
47
45
99
21
32
63
89
56
98
77
59
28
83
91
58
93
55
94
48
45
81
79
82
90
86
95
21
32
36
76
72
67
85
54
69
31
79
96
14
84
66
64
70
55
24
79
59
46
80
63
91
88
98
78
82
67
34
81
84
26
49
46
11
97
32
50
70
79
70
88
74
66
56
36
42
39
74
68
38
31
10
66
33
93
62
37
85
34
45
10
29
38
82
51
89
78
18
31
97
77
19
98
93
70
80
81
79
84
53
88
10
53
57
25
42
30
11
64
45
32
83
71
41
15
28
34
33
83
17
36
32
57
16
31
60
52
59
81
64
19
21
93
62
75
58
11
18
16
68
26
29
60
31
36
85
93
39
13
51
68
25
25
36
29
80
67
29
57
45
66
40
28
80
39
22
21
19
93
95
17
54
84
61
21
69
92
16
28
89
65
24
43
88
52
84
71
77
50
78
95
54
81
857
506
336
228
757
271
539
156
868
966
541
162
639
853
612
757
313
291
964
258
665
425
207
258
802
861
231
219
248
521
151
159
426
643
937
969
602
603
652
115
349
690
318
258
870
706
334
380
631
824
196
369
432
736
454
855
588
522
635
353
588
897
152
719
919
737
605
152
456
479
289
423
118
601
283
760
838
978
587
901
654
456
508
661
560
979
586
495
233
502
667
840
785
821
426
646
344
177
731
756
269
906
678
797
910
223
704
509
883
679
916
823
797
916
704
744
655
589
200
602
231
296
476
453
545
521
218
664
559
500
472
261
510
599
675
189
571
804
322
826
260
746
113
954
159
773
281
978
316
541
289
153
421
323
660
584
573
300
181
596
591
996
682
458
561
663
659
298
693
553
814
901
818
386
333
271
576
118
722
787
471
246
820
280
333
831
128
576
982
631
468
714
932
531
485
212
359
383
369
399
501
278
286
511
186
631
911
769
992
903
637
943
933
575
811
921
894
228
562
392
651
750
791
621
947
510
308
793
602
916
449
770
293
949
773
926
939
391
853
376
215
962
919
817
340
569
899
473
696
825
758
489
932
857
611
250
257
739
183
574
648
754
714
514
354
497
755
743
263
716
870
461
729
843
512
729
563
443
934
413
806
465
128
222
508
807
541
901
404
524
930
689
440
987
667
130
560
720
237
118
787
299
969
135
105
878
821
741
996
743
633
587
773
288
381
421
840
547
411
205
578
646
748
699
603
699
744
313
367
653
133
272
874
612
