868
166
812
585
362
834
708
808
873
11
645
745
518
820
353
332
581
481
4
101
25
243
985
55
509
73
843
44
637
926
769
801
187
908
167
79
79
972
115
349
441
814
15
127
408
273
621
711
706
498
486
894
569
831
895
145
200
468
442
849
869
436
249
714
206
491
188
177
478
21
645
222
334
35
221
42
59
201
21
662
497
293
300
560
680
646
802
974
431
431
910
929
943
78
575
725
411
384
639
835
590
109
700
32
837
136
0
260
551
536
358
578
533
85
747
710
753
565
856
619
326
252
254
128
391
76
938
157
384
40
368
983
535
413
90
479
185
854
516
478
253
558
41
937
69
561
327
253
47
5
640
219
657
765
265
495
106
34
634
406
326
211
480
791
203
11
511
673
938
345
91
975
120
790
428
305
221
507
130
625
550
351
808
894
695
712
495
268
447
627
701
36
385
959
503
941
303
529
809
739
612
127
634
579
119
578
915
510
332
302
137
255
712
118
843
212
679
971
107
200
697
473
132
413
366
486
375
527
946
721
410
674
230
245
827
843
219
988
852
703
879
388
106
769
915
374
245
47
130
628
63
629
295
806
162
672
222
235
479
210
382
676
865
250
513
629
828
210
229
632
167
882
241
656
796
762
148
250
217
16
950
591
998
456
156
438
391
553
86
565
743
307
998
872
642
682
856
720
864
497
618
100
713
138
681
43
750
364
3
54
213
449
683
450
900
335
340
206
63
166
170
32
327
763
204
7
692
908
349
748
668
148
615
100
2
963
738
375
325
548
510
992
693
310
583
548
847
547
471
765
15
679
444
54
538
183
100
319
931
891
414
656
849
307
457
969
606
171
216
49
680
240
912
66
10
833
717
588
116
639
636
59
184
662
80
472
98
320
561
994
231
81
740
706
500
932
206
317
607
685
333
387
615
364
809
404
605
495
587
891
676
34
587
173
803
805
481
811
613
798
801
827
805
775
515
891
552
43
740
158
910
567
263
678
717
203
594
748
39
653
760
250
346
507
68
828
822
641
19
784
292
796
896
880
750
24
626
646
665
804
764
7
676
176
752
233
994
521
446
174
554
401
683
912
437
924
446
335
365
667
767
741
9
616
197
243
672
408
955
44
758
733
17
596
183
473
872
526
672
414
480
618
328
952
640
653
185
247
228
360
383
883
666
571
32
60
118
251
210
298
995
99
201
478
752
585
149
684
823
285
229
27
763
771
612
944
770
953
231
82
205
401
810
866
997
907
120
696
377
238
878
424
654
209
721
182
708
462
65
752
761
827
621
211
802
817
20
478
807
173
645
221
760
33
446
169
695
164
221
555
970
6
142
461
852
734
388
727
64
510
623
454
608
172
943
284
651
874
876
261
165
376
122
539
178
351
411
787
596
488
770
518
552
76
663
761
804
415
383
805
854
634
524
399
292
251
405
720
334
79
889
215
544
987
147
616
872
549
965
759
469
59
28
649
274
228
925
760
897
898
528
813
433
551
278
128
562
505
764
514
388
193
187
40
51
443
853
445
242
988
656
888
91
31
413
332
193
674
761
308
515
638
49
516
684
198
876
612
760
88
126
778
112
678
839
226
184
664
516
690
268
829
475
126
413
292
205
438
647
108
652
758
742
281
256
402
221
584
517
993
223
571
812
45
576
809
406
205
552
770
594
196
12
615
796
881
533
728
327
587
863
202
586
314
129
902
701
868
200
176
959
885
103
309
586
375
435
174
811
922
419
767
991
592
135
127
74
520
567
331
804
130
569
837
955
915
535
102
85
150
205
885
994
121
116
251
910
792
143
715
129
365
106
120
791
187
481
503
291
131
819
609
646
434
579
917
813
535
585
701
154
610
314
862
491
130
19
934
389
288
76
270
683
156
703
621
272
951
598
73
883
145
525
281
74
427
334
61
757
979
633
980
620
118
480
507
279
609
335
268
354
251
112
183
507
16
453
595
432
981
533
93
232
963
149
78
979
893
98
169
137
556
342
664
150
585
148
220
18
382
687
27
660
565
853
277
131
67
138
492
843
57
711
665
785
428
249
247
615
881
880
312
815
457
922
276
32
924
648
769
686
315
674
74
375
961
918
872
388
275
57
677
259
96
298
814
665
543
858
818
96
116
364
692
6
489
703
737
994
617
818
522
236
747
757
297
312
455
860
759
428
253
552
869
593
784
932
414
212
963
503
209
739
845
216
74
545
371
227
471
427
333
150
202
248
349
452
488
603
199
557
582
342
739
894
816
941
274
875
266
640
809
501
478
674
123
690
266
863
818
